14576349
11825873
16314515
11331248
19635790
16289966
9013873
15597342
11262396
17306257
15345594
10207103
15618286
9892651
11278422
11825908
17452978
9233773
12614164
12878163
9355737
9092574
8647802
9872323
7721825
15536084
10229804
11585921
16439205
10557084
11773082
12590134
24700782
20660291
21596751
10749680
9681824
10848612
11857081
15031288
8999038
11943772
9171348
11744621
11157475
10586033
8885868
8657103
7682059
20037584
22624718
7831290
8395016
10981967
7516469
9169439
11602604
9020138
8756631
10382761
11782428
20946164
16511568
7848298
16055710
10327051
18443043
10220381
9207092
22327296
12228228
19270716
9808624
20732415
15749833
15299005
8846788
17363973
17189706
19910486
11278395
11907583
10464310
22904686
11371641
9160889
11867732
9642216
10490605
12788955
9596579
1827203
14668352
8570175
18671972
9872330
16516194
11238441
27234298
10531062
12764135
25059663
17469184
12426322
8995445
8063801
15677445
22301280
12874286
29053960
15525470
16503409
8798643
9174058
17094785
15135048
11894095
11894096
12177062
11152963
15090612
15962011
15107835
15456872
20711168
17072306
16228008
22833562
24167568
27614019
10204582
9851874
9461587
9434624
8950973
12504111
9716598
8621483
8978305
9820532
16982329
9129019
9311917
17974561
11983899
20124286
15004239
24113870
16735510
17020880
22706086
12672817
12175627
17353186
15159412
15451670
12773565
11162552
21281639
9490022
11368848
19805522
12879077
16630611
26825171
25150978
12515866
11672528
9857026
22072711
15670823
12359729
18062773
7592829
11036080
7903056
15485920
9178893
9837900
17254966
11360184
9106657
15695403
8978686
17053782
19767775
17517622
10580009
14641107
17055437
11823531
11884415
10837480
10336495
15870285
10903152
9626662
10872826
9795230
7486683
9918857
9886492
16371368
8901634
11350981
10820259
8246987
10467411
23065768
24498420
11546794
10572067
21278786
21075308
22439932
20457601
10899172
21241768
15514089
9632636
9113989
11912194
11094073
10068651
10871282
14530346
7629168
10940929
9020117
9856458
10708759
10783152
11960376
14523024
9344857
11167825
11226248
9535896
12370829
16306047
11790773
11729324
21689637
10978167
24457100
8195171
8940081
11350938
11297552
10806482
9362449
10026169
16456542
10681572
14681217
22178926
1694173
16099422
12586840
15067009
21996738
11744733
1730602
18674540
29187380
23382219
11751937
12519782
14734561
16204234
17283121
27067600
21690293
15044383
12897160
16794079
11901144
11425858
11283619
17145773
9286858
10428084
12569367
11551945
11149959
11997254
11352924
9463375
9694898
12419186
14607844
8861913
21504906
24958773
26751069
16826239
15327775
11682605
12400013
16763556
28831681
12750383
26903512
21725088
15225546
12766176
12522211
20962278
11478907
11839762
19164805
9058374
10848580
10747897
20484669
12697810
8157000
12594221
10757792
11279118
17255949
21336309
8939914
19197339
15299019
10655584
11781100
11786908
12403768
10082579
12237455
10617656
14665621
11689425
15703304
14982882
10660620
9632781
9422771
9973385
9049255
9842885
10747947
10777529
10480872
25639869
16642035
11799244
12524539
17008916
22343722
10209101
12147701
15147202
15824742
11839738
10899310
8576175
22244754
26390156
24463463
15688026
23267066
16906159
23514740
11572860
10594042
9535927
21147777
9915826
15655247
12840032
18519678
8626452
10922375
9361024
16456540
12665511
16456541
9687510
11013076
12175859
8375396
12162751
12056906
9647734
10858434
11035810
12054501
14654844
12893243
8940095
10194441
15003508
12006559
7588787
19011111
9748166
12242277
10747026
12887891
15870274
20974803
9689078
14500673
10357815
15254234
10383403
9837937
17360663
12535645
7991565
9804823
15359278
18245774
27377895
27569044
20080676
10441394
21930703
11739401
10720461
11718716
16902405
17403676
12972505
11062261
10224125
10922060
9115274
12581858
10934204
8939933
9488663
9422736
11870224
12861017
9826763
10212258
15800615
22293751
26833090
27239033
8921390
12062430
10811801
18617507
9637251
12506116
10064605
15965237
12527904
12509449
8972858
8663296
7876167
26474068
19446504
15775963
25135477
11081631
16540648
10713094
11268000
9242374
8832394
17380128
9858615
7958924
9501179
11909966
10888886
9724731
12473678
19081374
10220405
11470869
10734134
12434308
11358960
12397079
17159899
16600870
22002537
10330166
10082574
9415406
8598193
8603043
11514567
7705655
10347167
11438648
10517671
1331778
15657427
12040021
21081496
16709866
24502978
7568177
20159953
15121898
15303970
17693255
21460630
24581491
9447963
11237759
18274552
18264111
9694792
17132228
17098746
21887275
20101219
15242646
11916537
11682607
10910894
11470772
9323129
19928837
16087681
21072240
11713266
11149922
12975319
8077676
9115216
7622448
8530354
9336350
14531806
21278788
16368544
12473660
11782456
12804766
26721396
8810325
15289329
11956071
10551855
12044158
9670010
22573887
23109433
18346204
11574675
12810672
12824284
11243866
8901523
10397765
22890573
10734137
11381094
18200045
9843378
15466855
17884155
23645696
8663154
9920726
12773094
12130530
9050991
19836242
11370743
23799367
9045631
7622514
7768895
10373452
9168999
16236267
9045692
11101518
12832401
7791877
9824671
11113628
2138083
10602027
20890284
11423532
14556007
11463857
17157259
22524983
27795300
23750012
16223362
7791754
9747873
8995379
11707444
12573241
10556826
11756538
23474713
11701125
12391170
23880345
12761180
23773523
11439336
10397731
16123592
12565873
11245432
9178909
21940795
20039095
16322212
15070733
15655353
16582606
16376338
7642581
11927605
11243782
14583192
16120608
8816502
7892279
9199321
28542143
8755520
15536069
15243141
16959611
12857729
12659632
15454570
25535246
17418410
18003922
12091390
12176973
15557281
22282354
12943729
17312152
23333597
25086746
7926747
11509574
10319320
8943292
7559490
10777215
16217014
10619021
9407116
12861002
25796446
26258633
9482861
15053879
10454543
8794892
12624098
10559858
9708738
16966330
14499480
11259578
10734143
11266437
9130708
28977422
11071939
11062469
8438166
11494128
17318191
10194451
9307968
9144171
15886098
11955625
9010225
12672821
11418237
14761981
8552632
15082531
22910413
10638746
16810318
12748287
11309420
20691906
26551075
11283613
18923429
22844532
12223483
15173175
10358079
14978237
17525734
21034468
9632142
19380485
8702721
12145209
29545793
18606683
17038317
15020686
14661060
12730241
22323290
19037095
21677751
10187774
11157754
21441952
8242742
11483955
8106553
11102446
21423151
21791611
19556242
19758997
10224278
12176364
9892009
18511908
15350225
23687300
25872870
10085121
14722617
14657019
11163210
10757800
16027725
17314099
15359284
9311995
11278302
9872992
12359715
23460737
14583609
21820430
10747963
11226752
11564735
17573339
11404076
23252402
22100894
22388891
26108681
27806347
28459460
23886940
18326031
2161834
2455687
16105984
23277564
12176984
12842888
15854902
15342917
12167664
10982817
15129282
12221128
10913131
20005846
24980434
25911380
15258597
22099304
26802121
10086340
25996949
21220427
23737552
15169888
10366629
11080164
11842245
11748221
14519663
11713287
19011633
17332328
16009130
27462439
25603536
28031328
20837658
25115399
10359315
12426395
10823891
19805293
14722092
22084066
18753379
21187340
22340593
19798056
11551930
11883897
10951572
12756247
9744860
21741598
12556559
15001357
29263404
24141722
17380154
15916963
24462112
17110929
11223036
21925390
20705607
23671280
25961923
24667498
15280377
12384512
12242661
15364958
16511572
11593383
11285227
16045761
19015526
26022179
15896780
21057547
17349959
25313037
17157788
16678111
10490106
17568776
19483087
15775976
22214662
16442531
16122737
10562557
17060459
18275817
15017387
17290218
15247280
23606740
12659830
15136035
20805487
29384474
19303885
20075864
22074660
19740107
12911633
16137687
20086093
8565075
19287455
7859281
11098060
8612133
8943045
20448643
22179575
26212014
19524513
7538908
21737329
22817896
16115877
21331078
24130170
18450452
24758719
25681446
24098568
27591049
11909948
10187805
12223541
11423549
15670770
17318185
22897854
25644401
18662404
11251075
14985763
9507002
8816452
15456888
12082530
15467741
15143060
19303849
10962009
11136230
21685945
18057010
12082081
10748121
9092538
10094488
10604475
12226091
10887173
11827972
18840708
10330411
12196561
12356872
21942715
23976881
10587522
10449727
12050673
26751167
25500545
28775317
11739384
18305400
17244529
15611064
30267325
16511565
12682018
15721254
19940151
21602890
19147576
17353276
24015760
23413029
18062927
26743088
27563096
25438054
15966899
22086907
9447969
26846855
18492805
11163244
15367657
15385968
10567577
18480843
16127171
12649160
11157805
24451376
24469828
12210728
18212739
20450923
16052631
12646168
17964261
11080149
10944529
21962512
10488153
24258024
28348241
11418623
11980720
11384994
11733490
18391022
23583719
10637318
14983011
7597030
14645126
25417162
24651726
23222847
29084956
10973497
20874444
10197531
9883737
10669731
12759374
11590136
23242214
18832153
22885700
22145905
21043528
15737063
10767429
12048196
22825849
18570872
11724934
25801170
24947323
11257232
19698783
22072751
11242052
16701639
28414080
16282325
11604410
21185211
11606597
23818254
25246529
23251006
12865429
14685242
17613533
17452459
14684739
16861740
10934474
22883624
11257119
23439680
19094064
1309330
9501083
11101506
9647778
18715871
10896954
12093160
9753324
15331416
21139563
23435562
20720539
12738960
12007189
10809664
12502735
10944117
11389839
26209915
12183458
11959851
23961993
11971985
10980203
21383699
21606198
23104095
23746843
18079694
12133833
12943667
15184390
23263864
12711675
11242053
16858404
12242305
25931448
12435728
10983987
11960013
16951688
10854325
11544529
10346818
11518704
10920205
9374458
19716405
12496252
23381138
23244239
18180283
19675569
23986494
18221795
12721283
12556451
12723973
12417715
22522823
20479275
19503078
15096481
19214191
21482705
28446751
12504026
25435324
12665565
10764745
14527417
21670201
17332742
11418668
20531392
8576247
12163176
19789182
14707117
16418535
14521508
11118213
12886015
19342655
15254227
15090600
10896157
18447585
16983070
16920955
23346089
12621057
27742835
23104097
11438699
24486017
27505672
22456510
17108083
22904075
10358015
10571231
11867766
7680771
19240132
18391197
7824954
8663456
9488465
27294876
23518348
15835920
26468294
10508170
23146908
12177000
12612084
19345326
15153464
11117529
12415108
12039962
10749975
9020361
21282461
20449947
16260598
17878343
14517219
26779844
26481148
10075662
10369680
11953439
11734557
15235594
24951594
15882967
9624122
10491391
10404183
9130713
15901672
17446862
23055042
9539746
10198631
17525735
19713971
19049976
15637055
10362352
8428580
14678988
20547759
20558726
15829968
9973195
21712378
15077116
19968986
11161816
19074440
15001580
11784851
10629060
14504284
9736715
12508107
11959865
17268553
8524284
7729427
15870280
15099517
18070606
25605870
10825200
20196770
9765306
11865059
18552123
18241676
25733689
11864601
12929931
11239394
9445475
11076796
17043108
16227615
11154691
11113179
16860316
15615775
10866654
16543236
15154850
22219185
27934968
12665568
20581830
20807888
10887155
11912212
14645221
15731352
12101239
18692470
9733768
12419313
7593184
23415225
17909018
8259215
22087277
28985013
10944119
9874198
12441302
8887638
9150357
23737527
9878398
24076653
16613856
10852916
20708158
25237190
18701608
29054428
14761957
9497340
19410545
24209620
9710638
20587542
9079689
12065584
11259606
11013261
24089527
9808460
12573530
19819239
9858528
9753748
7535770
15331440
20213747
11847341
12429732
26391660
12589052
12171600
9155018
14563843
10506141
24816561
10793131
9418902
10942426
21300694
26908624
12095920
11914277
10669729
10477523
11257228
20379136
27591253
11842113
14704354
11751635
16549780
10502414
8692848
9659899
12297500
9341169
9280305
10542231
12456676
9195986
10748223
10438732
11973348
12068295
15802604
20164171
9671706
17222803
23798571
18094045
17846866
11478794
16148947
15361857
25049393
11283257
10611249
22942279
24140708
12020345
15601839
20027226
20421418
20484052
15572695
16449638
29033244
28534518
11181181
17056715
12853576
10805734
15784622
14559906
10381646
26004684
27818144
20023629
15454084
16455647
15117962
14747462
16767099
27648936
8605877
9989503
14517261
12009895
10822173
9178903
15171681
11084335
11832478
9208847
11024045
12235123
11802788
9875225
8006002
11399776
23049853
16790549
12150994
20590529
22308472
11279209
18332106
15743821
17158926
16166628
16356933
23007157
10094049
11113112
9751059
9409737
18070108
8955125
10523667
9323134
20701745
15975576
14611647
19561609
10508919
15588942
10748068
12879005
11956189
11463817
10753828
12629171
12473661
16813565
12297508
15474363
12471034
10037471
10854253
21765395
20237237
19380724
12813041
12140288
16774918
20160477
15355997
18239684
20663873
22959436
19112177
12529437
9840943
9840927
10051596
19229295
10712517
18593899
22118460
16260596
28035050
28416769
16751180
12419185
18583988
15201865
19234442
19270065
12447395
26455393
23530059
10888888
11504724
20220139
10829012
20473317
10644367
9702189
12242670
16219912
11804585
21624135
10860984
16481466
16924111
29523594
11466315
10869435
10640275
24821727
12890497
16227606
7644468
12819782
19584093
22751010
11854271
9303539
16616143
12183362
8707840
11943463
10823961
20065038
10750018
20979576
9423932
11416224
16675548
25505247
11260715
11336675
10988299
27214791
15181449
19487455
16880378
23772394
12463424
10318773
9162022
20348096
12571250
11158310
10199400
11027280
19135894
21532621
21297662
21454478
12732634
12808092
16751102
16916642
23788427
24157709
25514493
28468752
12917407
22045334
24382352
14630787
14634662
10598591
10601346
10575001
9114010
10668806
9144189
10583507
16525503
20414249
28180282
18835813
16186510
19828134
21914798
21636303
27387505
25078495
27913212
21645854
15215856
16901789
16186509
28137758
11532990
23211419
12364336
21125662
10212252
24013648
10037602
11575923
12730235
18256029
18940611
15791647
11062067
10713157
15998799
8632909
12189133
12167088
11481332
26258637
14684163
7603572
20547757
12070164
20026644
9214382
12384575
12101123
15545318
10228171
12192048
21518904
22194619
11266456
10353443
11792325
15931224
26261240
11323433
16549788
11046155
12364596
11095689
11734542
12893833
12805222
11812785
11316798
9150135
14699069
11226163
18193082
10581039
18765668
11350943
16331260
10471499
19686092
11171972
11602581
20127688
10357820
10204490
10669754
11438660
9651585
16820529
18451879
17922035
12183469
11777905
19182791
17956988
17000776
10655483
16611996
12398767
12724404
14647463
15116094
9627120
19351825
12697822
19880879
9092549
12052864
15866172
17384642
15764709
26038599
23825189
12624112
12871946
12861023
10559254
11563969
9452471
23622247
10862767
9663660
15196700
8612709
16720724
11108966
9655398
11418599
17500066
20133759
17906693
12611903
11751867
14578343
21532592
25184681
11278756
17478428
15750622
15356634
11094085
12714599
20937913
28881580
21240188
17229889
27764233
15611048
10888872
15218037
24284069
15240819
22405001
15256501
15509564
11278247
11782371
24637324
9765293
23748380
12700228
11544179
17469741
19150429
16488880
11961546
9430629
16880511
18818696
19270694
19398581
26087183
26474281
21778237
10713156
10230406
9990852
20832730
22767593
11027288
10023660
9636170
12504025
23951410
22660580
26540345
26753747
26725323
28152074
29070679
10228155
11483504
10074433
17215248
24469040
12192049
23604317
24157836
8051045
28522751
19412162
11956208
12840033
15145941
23045529
20181953
29142209
17205132
21572988
21946088
18498745
21640084
25970626
11689688
17704768
22013077
10366597
11832213
12639951
11498787
9637688
11438673
21772247
21335556
21743465
21525009
18794143
23239745
23791783
24581499
27939943
28410192
23007648
21300909
25383541
17443186
29973720
10527948
25422469
11777930
21666598
23125415
19596656
17785586
12930902
20215511
9305631
11741305
9873016
18267973
16874300
19903815
23911927
23017601
26279575
17389358
26831064
10727864
10931877
9443979
10844022
18420585
10521492
16565076
15225548
21135039
18285464
22897849
20075857
27338022
28320739
21078963
20697350
12154023
15246821
11483516
12857866
9436979
19176389
17525341
25634209
29367421
28398198
22110403
14701756
19805520
12072434
11114383
12023369
11726552
20506188
9584200
22573825
19164553
18719102
24525235
8576257
9990509
11486026
22350887
20351251
15322554
16724110
9325254
17283126
25355358
28415827
23850490
9230084
10943845
12954600
7592815
17245430
21460856
22434192
11773029
12554772
17581638
8761950
8548810
20447407
11181075
8710854
20385093
23543740
21331077
21653699
20184394
24276241
25882049
21931591
12198139
21622030
14752053
10082572
10523646
20541704
12684500
24018422
21531907
9228018
20829884
10716992
8681376
17159907
19524512
21525013
17047155
21620750
20103630
12702723
19176810
29497034
27560715
11741985
15388581
28972304
15533940
19934260
11889126
10764144
21676867
23145133
17024177
26734725
21704408
27918549
22451927
22003127
8948587
8900141
19847302
17296731
8798650
12771218
10757784
12324474
14701734
11018023
12634428
11069920
14625392
16636664
12151522
17098867
18362886
27387502
25225294
29125880
27135603
22079989
29604273
12551915
20505072
24790097
11112409
18583933
22578841
21148299
17099700
19217413
15983381
19625650
12388752
17245428
11546872
10598588
16923966
25728767
10910767
18663001
27292796
12890487
22665060
26751287
26053850
11443118
22869143
19329795
15100233
29126443
15231715
14688252
19245811
9418880
9199346
9858531
15386022
17070805
11590143
10802735
21454543
20810653
16678097
22581261
25843002
11130076
17389360
28007913
21107423
19363480
20696164
12054568
19171758
11157984
15723800
15194684
12660155
25074804
9856463
15978582
20126263
19559479
10199401
16327805
23064645
15201869
11903063
11559703
11160423
24316379
20048342
15728506
21829704
10625651
12705895
12220626
11590142
12810624
20940148
20181957
23208506
21860411
11152476
15932940
25703721
11029584
20696768
12924945
11451954
11113115
27197231
28716524
17418785
12524525
12890507
17412707
10531061
16573520
15351717
10903890
9488450
23146885
17996703
28475870
26720344
24831002
28300060
25216516
18498246
23602387
25588945
20676133
28292929
11371506
18552835
20173330
11056176
15125833
25642822
25425640
28214532
28522566
10921914
10882101
18758450
19843958
22851693
21822258
21097508
15327770
24061540
17703191
19825828
27497262
9620797
16582881
11331876
17036045
16732283
14578449
20719936
18538659
20501649
21098080
18339839
23877428
15252009
24710276
10924525
10075921
11146634
18045536
16203867
26365803
24056041
17541429
17110930
11003656
17389591
19903888
21183682
10894160
11390366
10514511
24514149
17085477
17972916
21868449
16628223
12832472
12944466
18483487
14580347
16109377
18281698
9499409
15107825
12588988
22483617
15713661
11303027
11978179
20304780
15894486
24947010
25748427
12695511
15796781
11703931
12670957
11955446
21399610
11707413
14730019
19410547
24849286
24270572
26334375
23640898
11585904
19754958
9858600
14701752
10827081
12788942
16648488
22586265
17053147
18596238
20123736
12527756
8521818
9334327
11252893
9258347
10593926
9774463
16455805
15331348
16606617
29202468
25843623
19680224
12588875
15280364
20829524
12419806
21413932
24167073
28240261
22901813
11361004
19412159
17332754
12972431
22155184
20188669
15451561
10954711
10551883
12901880
10951564
21858095
10228156
22363791
10698692
12867029
22162396
24952347
11744692
24005329
15136563
15960974
14993289
15235609
9857030
11513855
22566641
21937719
25246557
25833949
25505175
26960431
11850402
11850407
10527873
12067714
14732708
21130767
11322894
20714342
28179136
18067919
21897371
22921829
22773947
27292644
29235476
23959799
23543742
19293149
16621732
24910428
25132264
20525693
11801738
10918583
21840486
16307917
25548215
29069608
11509179
25736436
9184233
19394292
16608850
23871147
24969970
17938407
11060040
19934264
15254094
16870176
12676583
19330022
21566061
12766152
18451154
26902284
19223579
23223569
18216283
25409783
17318178
21102408
19713960
19245792
24949976
14603323
18056411
10066435
19966869
19150432
25249620
27910872
18354482
23108047
20638939
27591266
29958295
24500709
22268729
11584266
11944979
14624239
14611806
10207026
28581483
24019527
15009212
22379099
10993082
15029241
20011120
20086098
15001356
12060745
26752685
17003112
17099693
21051298
16571674
17681274
21554500
19357306
24571573
15249581
20739936
21300286
10602502
9150368
23555303
25533843
9874765
11807098
10428031
25103245
22265414
12459189
11432859
11882646
10915792
29150431
11448771
17948050
21513986
23690623
22528498
19118383
21157432
27777308
20551178
22658522
27070702
11707398
12505986
12538641
10814529
14603251
10947852
15701600
15456747
10825539
25551360
23007861
25161877
27509861
27522463
15280373
11689568
29121065
15841462
21102435
22114345
22000020
19484123
24763515
26456228
25636800
26221961
19416887
17825299
20424596
8980147
23374347
11980908
14703694
16207813
9774689
21212807
29109149
9446619
10481074
10858531
15824131
16732327
22828282
15159402
11733001
20951943
22169276
16631610
25419848
10381382
17962804
22751501
17035231
15772161
22347407
21346195
18773538
15316025
23720822
9808458
19486527
11431473
23408908
26976604
10877839
23322602
19570982
20375098
12912990
25266661
12595241
12769847
19592636
24535599
10561590
12181570
9171375
11250903
11940573
10637334
16778766
11805826
21336257
10094407
12036313
11498536
23386615
18201571
14604981
11114197
16767219
20573181
15147888
15618521
9804817
16862120
20053669
21189257
12150997
11825910
12857853
14722252
22102369
10545197
14749338
12082111
22902369
15257293
17911105
18667537
16641999
12513909
20639859
16223726
16905101
18511905
11739784
25825779
11163236
22802649
11034995
26601951
10490598
20418871
15107016
18288197
12692129
14749716
23622242
23661684
22484317
24630722
25047839
12080047
26915459
16917507
24344282
12930845
12718876
17565979
21321085
18030348
12057195
10436028
14602875
15961401
11920408
16977309
10764593
18784752
17363900
21191027
14505569
26490116
22484091
17268547
22961380
24998844
21455491
15037601
11073942
22424946
18497260
9847309
30240640
24248593
28320958
20023648
22328728
21543332
20980834
20865015
19818716
24145166
25278611
26100637
26286618
25270598
23636414
23086934
23926101
21625211
25144743
17429597
26275350
10906137
24012335
12878161
11679576
14993262
15215316
15606899
24163370
26083744
11980916
19536132
16707496
10692442
10857750
23202584
22342342
23341456
21998301
11588169
10681496
9315662
8175701
17895379
23222715
11565755
14623875
24196352
22661230
16148010
25557546
12565863
11113184
16455055
10978313
26616734
12829704
15850461
8995385
11080158
10966108
22084092
24509793
9808459
23750010
21396873
10490618
12861022
12890864
16442529
14734538
12556497
15684397
21743491
15525529
15067004
20624913
19553677
19576224
27902311
22056988
26751641
12244047
12445460
16004603
17220478
18593713
24798214
25344754
23901104
25783203
28931724
24554770
11864968
12944908
11940572
12507512
14660641
20224040
22720799
21816923
23184942
25936802
16899510
18772112
16724116
19304756
16630820
22304967
19202075
7665596
12826659
22280891
10523312
19571879
20531388
22017875
18650423
24451375
22730322
25149538
25873176
30181396
24886089
26479788
14739464
25897075
18687691
20404110
9920803
26912724
15601843
15899866
10426993
18695677
15282608
15664198
23075851
18287528
20427317
12237308
9585570
14701874
22462548
23334297
11722592
15284024
28775156
9315650
22592529
18448665
23262492
16396833
20531389
23213463
8242751
11132966
13678583
9632134
9380407
12383116
9472014
12361598
9464540
29510343
27215384
11463845
23007395
15169570
26203195
16474839
18086887
11559705
21415862
20605778
17409098
15735682
12207328
12070153
10567526
23764002
15647277
12376545
15282296
17187060
20733055
16479161
22014574
18471975
17609108
23979597
16191191
16282323
20856200
14645548
16123141
22337773
27780869
15798217
12479814
15935060
16360037
19203584
15867431
10024883
15629715
12773393
20047764
20498229
17118963
10631974
15331633
10575014
24051437
1383690
15711563
10724160
10727209
15306850
8927054
19029251
21807893
8610109
23175184
15603737
24302728
21311754
10933397
16293614
19706536
18280497
28844863
26598620
17289033
15085137
20068069
16122695
14767476
21113133
22952844
25349427
25795299
25982117
27462452
27573245
28886238
27203182
21172653
26504087
12140263
17872950
20308691
12047349
9235954
14761960
15247905
9427644
20621832
15808511
15494311
8230483
15530371
10930425
19483727
17361108
7553852
9724724
19631451
21241890
22304920
15004009
17254967
15670215
15514162
10359664
7799941
19470470
11433299
25728284
9545286
12970441
9053846
16878158
15688006
11259605
24850914
9372912
10202152
21220307
10393546
20956295
12829790
20212043
11333986
18037959
16336193
15660133
19919647
18082604
15719014
17255943
15990875
15782218
15601848
19805618
1530570
23264041
21896478
21964062
15234975
12553908
21985244
8692842
7629134
16287840
21952639
25311206
12887919
15536134
16973552
19656901
28049150
17936559
15936278
15953418
25241935
21947080
16424009
17785434
7527811
16280327
9819383
17679094
12947099
8663389
19327355
19339690
9700202
19956605
18172500
11807090
28900035
7744001
29749471
9194558
22072718
11429708
14676842
11583591
9812899
20663916
20593489
24530302
15572685
22094252
21045206
15005629
26303530
18319262
19727227
12429738
9733643
14505571
21642953
16179592
11038354
19837033
14731392
15518545
15107502
11956183
26465331
12925752
11134153
10383413
8139561
8609418
7938008
12643274
12414813
18775332
12093804
15175327
24151981
24844634
10381623
19475398
12952949
21297582
21804610
18206970
20194509
11980910
16488887
23836884
20123894
21378168
23079660
24183680
25470042
26748827
27728805
19734898
26882976
27793840
24044920
11003653
22075476
11301005
12096920
22081069
14690596
8887627
9721103
9346485
16365431
11080499
12709429
9914500
16611882
15218148
12486103
22990857
24469399
18519641
19959994
24618592
15456896
25190485
12482991
17982102
12832462
11931769
15806143
11684708
22297296
19641494
15208311
17563756
16501559
28598414
15001576
24488098
16845370
27468689
22081109
17939994
15572376
26407237
10733566
18037881
7500359
27130439
23246961
16148043
15778465
19250911
21617041
20010802
24582747
24668264
26524528
28855742
26116754
23708998
17657516
24720748
10544250
22529100
7820861
25224329
22483114
11297560
12612082
14657349
19015241
22222486
12584560
21466675
20434207
26190107
18602463
21054788
28325905
24997597
21827752
18930054
21639856
11027608
17554063
8631962
10958680
11470823
14674010
23153581
25140053
15251452
8041779
10675333
11226259
9492017
11518718
12958364
12919677
10374881
16331275
20207742
15941852
10574949
10751172
22539306
15713673
11756408
20628368
2946959
11440634
25034023
16461343
23732909
16354686
20195544
11742995
15331439
22498736
26112410
14560022
11096094
25363021
15678105
15849194
17620296
21118991
12624094
16985050
15843522
18215124
12630920
19419966
23032187
24070898
20080539
25670079
12446789
20932475
23028469
10022839
22508987
16286016
22995475
8663317
16494529
15115762
24084649
16153868
22908223
20080758
12704081
18636086
17599067
22388039
19153231
30267576
28346439
24379373
28871090
21813773
23671189
16728976
26826127
11566021
17380123
21444723
15757671
20029029
25862789
23115235
18397884
18641638
25117710
15314064
12805554
25239945
23027877
11562347
12198154
8621384
10383400
19523114
19229298
24810856
16528103
12519773
11900540
9529249
28042499
15075319
16782091
11073993
24530506
16878156
15572696
10894151
9809062
21149449
17350576
23979715
12775724
21070969
14612456
29764935
28169289
16494873
12176997
15249124
17956732
25588830
21822215
19345331
7477295
8938729
8601796
11850456
23728348
25288747
26625199
12147342
18093978
28620180
18259216
23402259
26823144
10973963
11068878
21624955
21382479
8940097
16438930
18160036
17159902
18815136
14612427
19166840
18309296
17310983
17347673
21132010
15210108
20588255
20959462
21317885
16107876
17297477
22124327
17290220
19656744
22157679
20173098
16173922
17116689
23150668
23134341
24413661
21561866
25384516
27031960
23652204
27106262
26882543
24980433
29547122
19084525
11331782
16014633
16002402
23736259
19956800
16087734
15617687
17290288
11461190
15561711
16982797
6683087
12697812
11723132
9606214
21620138
15319539
17868192
19549685
8152490
22678362
24485656
28319063
26649820
28240985
21965664
17967891
16936636
23727017
24623813
28575658
20654576
16499958
27728808
23548901
28542518
18995830
24780295
25538220
28803780
17360584
15198677
25417112
17347654
24610907
27695001
15189447
11062478
26575292
15975580
19555689
15831487
17189257
19717842
22605335
20368414
16129692
24240172
26500060
21703539
23178491
20413580
16424905
16968750
16874301
29880877
16330544
18511561
16902413
16455083
19275885
16682949
21475249
15696159
24749734
21292167
28594325
17190814
15678106
19818709
17632056
25438055
16778767
11353774
16530191
16432238
16098514
19074833
14701856
10805725
12700765
21907705
16049941
16847267
16293633
16157300
25692647
19269966
18555783
22750944
16186805
17506986
14702098
16498403
26038816
22371557
15811349
28336670
26886794
16797541
17178784
23478441
21628527
17412698
12727872
23449499
18662541
23078409
23972993
25306923
25723520
10318877
17643117
17190600
17167422
19318350
23974797
17094969
18199683
15989956
22561347
11441066
12150926
16837165
22493283
18722121
18955708
16183647
10477520
22669845
16990550
16354680
25446900
19356729
19632990
26120082
14732692
11714710
11493006
10635327
17148612
10938113
18508924
15282549
12601080
23477725
9162069
16961462
19117995
11564893
16645043
15308690
15886699
22678294
21713032
25398877
19696444
26456826
19542224
11431474
10458595
9677430
10229084
12835311
18509338
21127047
24949977
27803151
17043312
23459205
10913161
9211889
18692472
7957082
14980220
18835031
11389730
11950392
9079700
16352729
9789084
10085035
14503850
20603326
15131125
12482202
19011619
20048054
21235734
21170051
10642522
20668552
20704274
27708256
20353823
21079652
16293251
12621024
21784850
12676536
22660413
15723802
16168377
11279128
8006584
11886175
9553136
8550564
9050988
17326667
9199284
25009770
21102556
18332109
11859375
12060753
15629149
17167487
9564850
15767667
28247911
18243101
12196555
18508766
18996842
10954706
11788583
1374067
11901153
11522829
16652147
21597459
20010695
23316280
24034250
19050071
25891078
29079782
22921402
10465786
12706874
18271930
25195858
18615712
16365047
19597481
15319445
9312096
23737971
18096514
24299456
15210935
12917434
10082523
20124407
12887892
17487425
17355907
9507007
11786503
25495026
8894693
17502619
16618118
16940996
11438671
10969042
10049357
21131967
21983900
12887926
10983986
21775285
24670654
22169110
26519477
28794017
20959473
20713054
24769896
19683495
25447306
21209460
28073915
17332741
24828152
15467718
15268862
21536736
28276505
19349277
23393134
27664236
21220120
21124902
21884981
26324722
24793694
17719540
18339811
22258451
28191891
22539978
22266653
23428871
26299341
21331046
27458237
19834512
17250953
17998332
14978255
21157427
20543138
26816381
19242095
19650111
16568092
15314177
22980979
22266820
28877994
18311135
21969602
26472337
21152872
25888903
23990462
19097996
26491019
11714725
19834596
22854966
26990986
20926688
16962653
18566587
21343617
17028174
17043309
19875983
22084251
22017877
17965458
22711876
22334663
22113614
23297342
20081843
22608923
21130766
28049764
18716626
23853093
26499835
9914162
16962593
26511642
23417673
25547115
21199876
9885563
20733005
27477512
25275296
29191979
12150907
20501938
23453969
28465257
23667505
28666352
21987584
16807242
20542005
22275353
28264927
22101235
25451919
18711132
23665563
25349211
20847044
18765672
23208550
18694559
19427866
24619419
24998849
24100292
26754771
28322253
17609381
19651607
23555860
23293021
26612615
18429817
22665483
26551274
18535780
18329369
25733871
20618441
17178836
27295432
20810650
18303015
24980960
19270696
18843052
22493499
28404643
18292230
24785407
23109422
23382074
18206973
17308091
29920243
17891179
21745816
26065575
15361834
22411829
17662948
9247342
12004135
14985713
15632063
18469135
25306110
17719635
19274063
24101509
17579016
16799465
17350042
17337485
15930137
18029386
26546463
17324930
21658608
19261748
28569838
19261749
19261746
23209657
20805357
24703950
26950370
17646385
23246001
23277359
20725033
24071738
21571647
24145035
20147293
24413172
25939382
25326330
24526689
25605328
25216524
28088760
21885437
24292625
28689657
26100909
23486064
25533185
21127351
18026119
19851285
25172487
20581860
16490787
22537386
15362974
18449195
19822669
23142979
25735744
25654763
15660529
20412773
16921029
15652350
27939641
18854160
16880509
24019521
15953362
17600710
27197155
15250827
16966434
8479754
23155000
16525042
23260144
18064632
17693260
17050673
17635584
24240613
26507658
18272596
18779327
19179534
26018823
28763789
22797923
22285184
21571784
19111657
19041755
24732096
28827405
29020630
28931592
11574546
24980959
23953116
17277771
27626314
20603330
21706008
24905733
23560854
25960396
22814251
19379695
8598932
23319141
20498094
21936852
25906440
25825496
29587298
21329877
27557628
15613478
26749241
20224553
21633354
11136719
17380188
19424180
18388957
16199523
16740632
18418389
17563362
21358815
19875982
18154733
25877867
17257598
26192437
21041660
26296656
16678104
24429290
19931242
24788516
17476305
29255244
19802386
20221403
19893491
23322406
17420470
9311822
15078903
24819384
22952686
24947355
21862608
19696028
18502753
23356641
20389281
28892081
22086334
30107089
20203100
16121196
20197409
16996030
27338790
22068056
20159969
20551172
19014934
20434987
29251248
29039417
24954904
27505673
21458045
20541477
23011797
24930734
19797269
26389696
20711232
14593208
16079794
22689669
16483316
20801214
21219331
19321449
26678539
21274005
20224554
27153535
20129940
20664522
19779455
20491914
20395958
20389280
28067227
20300062
20608975
21510942
24965446
22586326
26666268
20551905
21052091
19559006
24550003
21102410
22467210
15467457
28515320
21555369
25619834
24740910
19261606
21577200
29160310
22117219
24633224
21701560
23530241
16314389
18408180
20400511
19234465
20670891
17612494
20826455
21383955
17707232
20160352
29146913
21245042
19144721
19660582
16543152
17075044
19141475
16951254
16431907
20032463
20228790
22130675
21217699
16958618
20534535
17687328
20388777
23469015
12511607
28192407
19706418
20937768
20029092
23036196
19864457
24807418
29743537
17048991
20805509
16574660
22304917
15471871
20498639
20639871
21543490
17715127
25525879
24907272
24278015
22143767
21062745
17217622
22404984
12234927
24768539
22730529
22711539
25999347
18235501
24366871
17318175
19553684
28162934
19118032
25299772
22745133
18724357
25870236
17199038
21726808
21233212
17069764
19609363
21454580
29416926
19240031
21726816
27097374
16682404
22570418
21070772
21172662
25583071
21075794
22157821
18559666
16998474
12574167
19706601
27162139
17699672
21982743
27893701
22467880
19854137
7790358
21956701
22373579
28242748
27259994
23872070
20383333
20676083
26592444
22508508
28212551
19713937
19237536
26280536
19805216
21081493
24217618
25436519
22055183
16815975
21530438
25882839
23729439
21625540
22807449
28978479
28400511
23569248
17804820
23612971
16809764
19064921
23201684
28754656
28625565
23904609
17991864
19109425
20065034
26343856
19782033
26519536
26626481
16314418
23554879
23263282
27082860
29183995
23452853
26503038
21983832
25118846
16055714
27218139
26603838
21946561
20841485
19328794
21393242
25775162
22323517
22632968
22056876
22286270
26337389
21081644
21370995
22284051
16014379
25026213
17632516
21048991
24412544
21940674
17337451
22266900
18502210
18218624
16126728
15208321
23455153
23940030
18835386
16428300
10518015
22195963
18762249
22795130
22192413
22930759
22203040
21846774
21478859
25503564
17786314
21795712
25691462
22238364
24050775
25504990
29752411
21828050
7499408
26275778
30104358
25207809
27404360
26895380
21041410
27621083
27592030
30217973
23404503
23455478
26085330
26631746
23213400
23387299
24298020
25423367
24639526
23394946
23455154
22613832
19698782
25959673
26317901
26655721
23772036
17517653
23576762
23068607
21931644
21914794
20947505
23128241
28380382
14729983
23142642
19204086
25825523
12565831
20932473
25040165
22969086
23362280
17194709
20937905
19864458
25866880
18662664
24726323
30258100
21150337
27129234
19889641
28869606
21186301
19854130
22763445
24983503
24846140
24344185
23376921
24251807
21951725
25178676
23827681
24462769
24429874
24529380
27368102
17914355
25740311
15637059
24038355
17567961
23549086
26787460
26593251
24493589
22916032
29997253
24872419
19666007
24349490
25448675
26068074
25591737
26080397
26265008
21670307
25582197
25616961
26884171
26813789
29138248
28287082
23640055
29555935
27667664
18187047
27244671
27580824
26269414
26797118
25487150
26446845
27226596
27903798
28506460
27835684
28992327
26948053
26807646
28934360
27462807
26728129
28160558
26644512
29748336
21876179
29150600
27569582
29420262
22801502
28813410
16882717
16624878
26418745
unassigned85
18984158
19262564
20871592
21131964
21971085
22314232
22510884
22580824
22699938
22773187
23481255
unassigned1271
19858347
28546555
22902367
22057045
unassigned1673
26621918
27180358
28650319
21876773
16965550
26840340
30455686
27731383
21483817
28506294
30679749
23283322
28422092
30559186
28671664
30482882
30538620
30659753
30413785
16828797
30300385
17052462
21930792
28862946
30083275
30157263
28734930
29880640
30382094
15890777
26783301
23084749
17698606
31273097
31270457
31101807
31169361
30914652
19528535
24355864
23728178
21930971
28864920
31451806
22518841
20042240
20067962
29123114
20604745
31585087
22786770
27995898
29519959
23980194
14613973
20048159
31217276
31831667
26858303
20584990
21949853
23333276
29734338
18796626
28360110
31470122
22523556
23969831
17596301
23121557
29858488
25737013
26387864
31477895
21715506
21037097
18403135
29290818
15496142
19480662
29778605
32867128
17920587
unassigned2793
29051512
32034129
20956340
32041782
28742139
22811680
20423149
29263825
27342858
33372174
30610939
32726803
33376131
20966082
23509288
28040436
10938133
29220510
15681588
34084167
30318146
27519415
30481768
18653781
15247250
24980502
34927784
31142615
21278163
24510189
29028794
